$ 1 0.000005 10.20027730826997 50 5 43 5e-11
r 32 112 32 160 0 10000
r 32 160 32 208 0 10000
g 32 208 32 224 0 0
w 32 112 32 64 0
w 32 64 -16 64 0
R -16 64 -64 64 0 0 40 10 0 0 0.5
w 32 160 80 160 0
r 160 128 112 128 0 10000
w 112 96 112 32 0
w 112 32 608 32 0
w 608 32 608 144 0
c 256 144 256 96 0 1.0000000000000001e-7 -2.7361291767665046 0.001
w 112 96 112 128 0
w 256 144 336 144 0
w 336 144 336 160 0
w 336 160 384 160 0
r 384 160 432 160 0 22000
w 432 160 480 160 0
w 480 160 480 240 0
w 480 240 512 240 0
r 512 240 560 240 0 22000
w 560 240 608 240 0
w 608 240 608 144 0
w 480 128 448 128 0
w 448 128 448 80 0
w 448 80 80 80 0
w 80 80 80 160 0
w 96 160 160 160 0
a 480 144 608 144 8 10 0.1 1000000 5.000000000000008 1.1935075150681007 100000
a 160 144 256 144 8 10 0.1 1000000 4.999977361518161 5.000000000000008 100000
w 160 128 160 96 0
w 160 96 256 96 0
w 384 160 384 192 0
w 432 160 432 192 0
r 384 192 432 192 0 1000000
a 704 544 832 544 8 9.9 0.1 1000000 2.263848184751656 3.0347147598926796 100000
w 336 464 704 464 0
R 336 576 288 576 0 2 1000 5 0 0 0.3
a 336 560 464 560 8 9.9 0.1 1000000 3 -5 100000
R 336 544 272 544 0 0 40 3 0 0 0.5
r 464 560 544 560 0 100000
c 544 560 544 624 0 0.000001 3.0347147598926796 0.001
g 544 624 544 640 0 0
w 544 560 704 560 0
w 832 544 896 544 0
a 480 336 608 336 8 9.9 0.1 1000000 4.999922640029054 5.000000000000008 100000
r 512 272 560 272 0 1000
r 432 320 384 320 0 1000
w 480 320 432 320 0
w 384 320 336 320 0
w 336 320 336 160 0
w 512 272 480 272 0
w 480 272 480 320 0
w 560 272 608 272 0
w 608 272 608 336 0
w 608 336 640 336 0
w 336 464 336 320 0
w 80 160 80 352 0
w 80 352 480 352 0
w 704 464 704 528 0
w 544 704 704 704 0
g 544 768 544 784 0 0
c 544 704 544 768 0 0.000001 4.015178321226125 0.001
r 464 704 544 704 0 100000
R 336 688 272 688 0 0 40 3 0 0 0.5
a 336 704 464 704 8 9.9 0.1 1000000 3 -5 100000
R 336 720 288 720 0 2 1000 5 0 0 0.4
a 704 688 832 688 8 9.9 0.1 1000000 7.735997095306452 4.015178321226125 100000
w 704 672 640 672 0
w 640 672 640 336 0
w 832 688 896 688 0
c 96 160 96 208 0 1.0000000000000001e-7 5.000000000000008 0.001
g 96 208 96 224 0 0
w 96 160 80 160 0
o 44 16 0 4098 10 0.00009765625 0 4 44 3 70 0 70 3
o 69 16 0 4098 10 0.00009765625 1 4 69 3 36 0 36 3
