$ 1 0.000005 10.20027730826997 50 5 43 5e-11
r 32 304 32 352 0 10000
r 32 352 32 400 0 10000
g 32 400 32 416 0 0
w 32 304 32 256 0
w 32 256 -16 256 0
R -16 256 -64 256 0 0 40 10 0 0 0.5
w 32 352 608 128 0
a 704 544 832 544 8 9.9 0.1 1000000 4.978964362448544 6.858202358733464 100000
w 528 464 704 464 0
R 336 576 288 576 0 2 1000 5 0 0 0.6
a 336 560 464 560 8 9.9 0.1 1000000 3 -5 100000
R 336 544 272 544 0 0 40 3 0 0 0.5
r 464 560 544 560 0 100000
c 544 560 544 624 0 0.000001 6.858202358733464 0.001
g 544 624 544 640 0 0
w 544 560 704 560 0
w 832 544 896 544 0
a 400 96 528 96 8 9.9 0.1 1000000 4.978964362448544 4.979014152092168 100000
w 704 464 704 528 0
w 544 704 704 704 0
g 544 768 544 784 0 0
c 544 704 544 768 0 0.000001 4.020468462002595 0.001
r 464 704 544 704 0 100000
R 336 688 272 688 0 0 40 3 0 0 0.5
a 336 704 464 704 8 9.9 0.1 1000000 3 -5 100000
R 336 720 288 720 0 2 1000 5 0 0 0.4
a 704 688 832 688 8 9.9 0.1 1000000 5.020935218897648 4.020468462002595 100000
w 704 672 640 672 0
w 640 672 640 336 0
w 832 688 896 688 0
w 528 464 528 96 0
a 48 112 176 112 8 10 0.1 1000000 4.979014152092168 0.91632810941311 100000
r 208 112 272 112 0 100000
c 272 112 272 176 0 1e-9 4.979014152092168 0.001
g 272 176 272 192 0 0
w 272 112 336 112 0
r -16 112 -16 160 0 100000
r 176 112 176 160 0 10000
r -16 160 -16 208 0 100000
g -16 208 -16 224 0 0
w 176 160 48 160 0
w 48 160 48 128 0
R -16 112 -64 112 0 0 40 10 0 0 0.5
w 336 112 336 32 0
w 336 32 16 32 0
w 16 32 16 96 0
w 16 96 48 96 0
w 208 112 176 112 0
w -16 160 48 160 0
w 976 544 1136 512 0
g 976 608 976 624 0 0
c 976 544 976 608 0 1.0000000000000001e-7 6.554105300053407 0.001
r 896 544 976 544 0 100000
w 400 32 400 80 0
w 400 32 528 32 0
w 528 96 528 32 0
w 400 112 336 112 0
a 608 112 736 112 8 9.9 0.1 1000000 4.999949790647811 5 100000
r 528 96 608 96 0 1000
r 640 48 704 48 0 1000
w 608 96 608 48 0
w 608 48 640 48 0
w 704 48 736 48 0
w 736 48 736 112 0
w 736 112 640 336 0
o 47 2 0 4098 20 0.1 0 2 47 3
o 16 2 0 4098 10 0.1 1 8 16 3 30 0 30 3 64 0 64 3 29 0 29 3
